image: um_park.pgm
resolution: 0.100000
origin: [-228.400006, -78.700002, 0]
negate: 0
occupied_thresh: 0.65
free_thresh: 0.196

